Spacey (estimated): 0.835487
Spacey (empirical): 0.834894
Second-order:       0.834716
First-order:        0.846124
Zeroth-order:       0.92222
